{
  "advancedEditorSelectedIdentifier" : "ProjectBrowser",
  "openSceneRelativePaths" : [
    "Immersive.usda",
    "Scene.usda"
  ],
  "recentIdentifiers" : {
    "D66134B1-3681-4A8E-AFE5-29F257229F3B" : [

    ]
  },
  "sceneCameraHistory" : {
    "AF09ED6F-1707-48FD-8720-65B998362C09" : [
      {
        "date" : 712904079.71480203,
        "title" : "Untitled",
        "transform" : [
          0.99838888645172119,
          -2.5993127650281167e-09,
          -0.056742053478956223,
          0,
          -0.029011258855462074,
          0.85941177606582642,
          -0.5104604959487915,
          0,
          0.048764690756797791,
          0.51128411293029785,
          0.85802721977233887,
          0,
          -0.9677891731262207,
          1.8878036737442017,
          0.56628680229187012,
          1
        ]
      },
      {
        "date" : 712903915.46195698,
        "title" : "Untitled",
        "transform" : [
          0.92934441566467285,
          -2.9951365831948351e-09,
          -0.36921432614326477,
          0,
          -0.112787164747715,
          0.95219886302947998,
          -0.28389519453048706,
          0,
          0.35156536102294922,
          0.30547890067100525,
          0.88492065668106079,
          0,
          -0.22642990946769714,
          1.4338572025299072,
          0.95810139179229736,
          1
        ]
      },
      {
        "date" : 712903908.99577606,
        "title" : "Untitled",
        "transform" : [
          -0.22287188470363617,
          3.5525431485439185e-09,
          -0.97484779357910156,
          0,
          -0.93469244241714478,
          0.28405281901359558,
          0.21369145810604095,
          0,
          0.27690836787223816,
          0.95880866050720215,
          -0.063307330012321472,
          0,
          1.0132436752319336,
          3.4391384124755859,
          -1.1802699565887451,
          1
        ]
      },
      {
        "date" : 712903837.81223595,
        "title" : "Untitled",
        "transform" : [
          -0.23109772801399231,
          -3.272929927078394e-09,
          -0.97293055057525635,
          0,
          -0.60384893417358398,
          0.78408807516098022,
          0.1434306800365448,
          0,
          0.76286327838897705,
          0.62064957618713379,
          -0.18120090663433075,
          0,
          1.8527809381484985,
          2.2778918743133545,
          -1.3918471336364746,
          1
        ]
      },
      {
        "date" : 712903831.04508996,
        "title" : "Untitled",
        "transform" : [
          0.68184578418731689,
          -2.6497408711634307e-09,
          -0.73149591684341431,
          0,
          -0.30611523985862732,
          0.90822672843933105,
          -0.28533777594566345,
          0,
          0.66436409950256348,
          0.41847842931747437,
          0.61927062273025513,
          0,
          1.2670387029647827,
          1.9518445730209351,
          -0.21379750967025757,
          1
        ]
      },
      {
        "date" : 712903793.03137803,
        "title" : "Untitled",
        "transform" : [
          0.68184578418731689,
          -2.6497408711634307e-09,
          -0.73149591684341431,
          0,
          -0.30611523985862732,
          0.90822672843933105,
          -0.28533777594566345,
          0,
          0.66436409950256348,
          0.41847842931747437,
          0.61927062273025513,
          0,
          3.1272051334381104,
          3.0476250648498535,
          2.9054074287414551,
          1
        ]
      },
      {
        "date" : 712903769.11856604,
        "title" : "Untitled",
        "transform" : [
          1,
          0,
          0,
          0,
          0,
          0.86602455377578735,
          -0.50000149011611938,
          0,
          0,
          0.50000149011611938,
          0.86602455377578735,
          0,
          0.0069782128557562828,
          3.4262216091156006,
          3.9711182117462158,
          1
        ]
      },
      {
        "date" : 712903765.28133404,
        "title" : "Untitled",
        "transform" : [
          1,
          0,
          0,
          0,
          0,
          0.86602455377578735,
          -0.50000149011611938,
          0,
          0,
          0.50000149011611938,
          0.86602455377578735,
          0,
          0,
          3.4262216091156006,
          3.9711182117462158,
          1
        ]
      },
      {
        "date" : 712903700.985412,
        "title" : "Untitled",
        "transform" : [
          1,
          0,
          -0,
          0,
          -0,
          0.86602455377578735,
          -0.50000149011611938,
          0,
          0,
          0.50000149011611938,
          0.86602455377578735,
          0,
          0,
          3.6950938701629639,
          4.2827510833740234,
          1
        ]
      }
    ],
    "D66134B1-3681-4A8E-AFE5-29F257229F3B" : [
      {
        "date" : 712910387.16561794,
        "title" : "Untitled",
        "transform" : [
          0.9990505576133728,
          8.1792106421119115e-10,
          0.043565843254327774,
          0,
          0.0079055046662688255,
          0.98339813947677612,
          -0.18128880858421326,
          0,
          -0.042842566967010498,
          0.18146109580993652,
          0.98246443271636963,
          0,
          -0.07329268753528595,
          0.12447743862867355,
          0.44571143388748169,
          1
        ]
      },
      {
        "date" : 712910379.23479104,
        "title" : "Untitled",
        "transform" : [
          0.9990505576133728,
          8.1792106421119115e-10,
          0.043565843254327774,
          0,
          0.0079055046662688255,
          0.98339813947677612,
          -0.18128880858421326,
          0,
          -0.042842566967010498,
          0.18146109580993652,
          0.98246443271636963,
          0,
          -0.028374949470162392,
          0.11956045031547546,
          0.44857838749885559,
          1
        ]
      },
      {
        "date" : 712910376.40002203,
        "title" : "Untitled",
        "transform" : [
          0.9990505576133728,
          8.1792106421119115e-10,
          0.043565843254327774,
          0,
          0.0079055046662688255,
          0.98339813947677612,
          -0.18128880858421326,
          0,
          -0.042842566967010498,
          0.18146109580993652,
          0.98246443271636963,
          0,
          -0.028374949470162392,
          0.11956045031547546,
          0.44857838749885559,
          1
        ]
      },
      {
        "date" : 712910370.87035096,
        "title" : "Untitled",
        "transform" : [
          1,
          0,
          0,
          0,
          0,
          0.86602538824081421,
          -0.50000005960464478,
          0,
          0,
          0.50000005960464478,
          0.86602538824081421,
          0,
          0.0038228190969675779,
          0.19391214847564697,
          0.41405817866325378,
          1
        ]
      },
      {
        "date" : 712910366.96570396,
        "title" : "Untitled",
        "transform" : [
          1,
          0,
          0,
          0,
          0,
          0.86602538824081421,
          -0.50000005960464478,
          0,
          0,
          0.50000005960464478,
          0.86602538824081421,
          0,
          0.010757557116448879,
          0.19391214847564697,
          0.41405817866325378,
          1
        ]
      },
      {
        "date" : 712910270.03945899,
        "title" : "Untitled",
        "transform" : [
          1,
          0,
          -0,
          0,
          -0,
          0.86602538824081421,
          -0.50000005960464478,
          0,
          0,
          0.50000005960464478,
          0.86602538824081421,
          0,
          0,
          0.22768387198448181,
          0.39456009864807129,
          1
        ]
      }
    ]
  },
  "selectedSceneRelativePath" : "Scene.usda"
}